음 식 명		중량(g)	에너지(kcal)      탄수화물(g) 지방(g) 단백질(g)
쌀밥		210.00	334.80		73.71	0.45	5.76
기타잡곡밥	200.00	302.36		65.52	0.75	6.71
콩밥		200.00	322.90		65.85	1.67	8.43
보리밥		200.00	316.10		70.57	0.14	5.55
현미밥		230.00	351.35		77.88	1.10	6.66
흑미밥		200.00	318.00		70.29	0.39	5.44
김치볶음밥	500.00	656.98		79.29	5.06	8.74
주먹밥		150.00	209.56		36.18	3.46	6.70
볶음밥		400.00	687.74		100.33	19.29	24.46
일반비빔밥	500.00	703.00		95.68	25.28	22.60
오므라이스	450.00	684.99		101.62	19.75	23.15
오징어덮밥	500.00	693.98		83.43	20.92	40.59
제육덮밥		500.00	796.94		95.80	27.52	37.80
순대국밥		900.00	690.35		34.23	16.48	17.34
카레라이스	500.00	653.24		92.58	10.67	13.40
전주콩나물국밥	900.00	432.38		88.73	3.53	12.50
해물덮밥		700.00	837.98		100.11	29.00	51.77
회덮밥		500.00	698.00		101.75	11.40	42.99
소머리국밥	1100.00	891.43		77.06	40.76	48.94
돼지국밥		1200.00	811.44		78.28	36.45	56.76
하이라이스	360.00	477.60		84.59	9.67	7.92
농어초밥		250.00	414.78		74.14	2.37	19.93
문어초밥		250.00	377.97		71.84	1.03	16.90
새우초밥		250.00	395.54		69.54	1.21	22.74
광어초밥		300.00	471.66		72.53	3.21	33.74
연어초밥		250.00	451.03		70.87	5.76	24.94
유부초밥		250.00	463.21		78.47	11.23	12.37
장어초밥		400.00	486.35		74.84	12.73	16.33
한치초밥		250.00	389.96		77.31	1.20	13.54
라면		550.00	509.33		83.17	17.75	14.08
짜장라면		250.00	409.38		63.78	14.85	12.01
고기만두		250.00	454.39		55.33	18.25	18.66
군만두		250.00	684.42		76.17	31.18	19.77
김치만두		250.00	424.64		60.79	13.10	18.43
물만두		120.00	158.05		20.48	5.84	5.86
굴국		450.00	194.42		11.44	8.65	22.80
김치국		450.00	86.00		13.01	3.38	6.03
달걀국		450.00	193.04		5.35	11.11	16.19
감자국		700.00	220.07		37.01	2.16	17.00
미역국		500.00	50.17		4.70	4.35	2.70
순대국		800.00	550.66		22.82	32.94	41.22
어묵국		600.00	252.09		37.16	4.21	22.85
오징어국		500.00	169.04		10.60	2.36	27.74
토란국		250.00	462.97		85.16	7.07	23.89
탕국		250.00	94.24		2.58	4.32	12.08
미소된장국	150.00	37.97		1.70	1.75	4.14
콩나물국		400.00	22.53		1.26	1.42	1.82
갈비탕		600.00	240.40		8.21	14.33	18.67
꽃게탕		600.00	240.65		20.77	5.49	31.70
닭곰탕		650.00	527.70		15.39	24.14	58.88
삼계탕		1000.00	881.32		44.08	40.57	76.65
해물탕		600.00	272.26		19.58	3.38	41.74
육개장		440.00	137.86		11.62	5.87	13.44
고등어찌개	600.00	605.31		32.03	28.20	59.16
꽁치찌개		300.00	356.63		14.48	20.69	29.51
동태찌개		800.00	369.69		18.94	7.80	59.57
부대찌개		600.00	525.98		46.81	28.48	27.71
된장찌개		400.00	147.06		15.98	5.27	11.71
버섯찌개		400.00	171.86		15.26	7.52	16.64
햄김치찌개	300.00	190.47		15.44	10.68	11.63
건새우볶음	20.00	69.19		4.81	2.30	7.22
낙지볶음		200.00	180.59		23.51	3.00	17.87
멸치볶음		20.00	69.23		5.69	2.04	6.97
어묵볶음		150.00	281.54		36.28	8.08	18.04
오징어볶음	200.00	243.70		27.42	6.84	20.43
오징어채볶음	20.00	55.71		7.00	0.69	5.39
주꾸미볶음	200.00	211.81		21.69	6.11	20.16
해물볶음		400.00	420.53		36.53	15.32	37.48
감자볶음		50.00	57.80		8.23	2.53	1.34
김치볶음		200.00	189.97		21.83	12.13	5.29
깻잎나물볶음	200.00	212.39		17.33	16.37	8.03
느타리버섯볶음	150.00	133.32		14.22	8.93	4.41
머위나물볶음	150.00	102.99		7.71	7.95	4.30
양송이버섯볶음	150.00	132.42		10.55	9.79	5.46
표고버섯볶음	150.00	143.60		14.28	7.36	4.01
돼지고기볶음	200.00	353.13		15.33	20.94	25.75
소세지볶음	200.00	476.04		28.81	33.24	17.04
순대볶음		400.00	579.56		70.96	25.61	17.58
가자미조림	300.00	301.29		20.34	6.90	40.70
갈치조림		100.00	99.39		5.49	3.92	10.68
고등어조림	250.00	459.34		10.96	25.35	45.37
꽁치조림		150.00	280.09		8.36	16.67	22.59
동태조림		250.00	270.61		16.77	4.09	39.03
북어조림		100.00	184.58		15.66	3.04	23.88
조기조림		300.00	378.26		14.24	16.26	41.43
코다리조림	100.00	146.67		4.57	5.62	18.46
달걀장조림	100.00	133.73		10.03	6.40	8.75
메추리알장조림	100.00	205.08		7.36	13.69	12.11
고추조림		100.00	105.88		14.83	4.19	2.86
감자조림		50.00	39.01		8.40	0.20	1.55
우엉조림		30.00	68.50		15.51	0.33	1.10
콩조림		20.00	59.22		7.75	1.94	3.57
가지나물		50.00	21.87		3.03	1.27	0.73
고사리나물	50.00	43.51		3.80	3.26	1.97
도라지나물	50.00	54.68		5.34	3.82	0.67
무나물		50.00	34.58		3.04	2.56	0.58
미나리나물	50.00	28.34		2.56	2.14	0.99
숙주나물		50.00	19.51		1.56	1.35	1.31
시금치나물	50.00	37.51		3.82	2.37	2.07
취나물		50.00	72.94		3.46	6.71	1.60
콩나물		50.00	24.13		1.15	1.98	1.64
고구마줄기나물	50.00	30.44		2.97	2.24	0.63
잡채		150.00	198.82		37.47	4.70	2.59
갓김치		50.00	27.64		5.21	0.70	1.98
깻잎김치		150.00	124.49		23.27	3.16	6.10
나박김치		100.00	14.75		2.26	0.42	0.63
동치미		400.00	57.69		14.26	0.64	2.70
배추겉절이	50.00	21.24		4.48	0.50	0.94
배추김치		50.00	18.43		4.16	0.30	1.15
백김치		50.00	19.80		4.38	0.26	0.80
부추김치		50.00	32.91		6.29	0.57	1.88
열무김치		50.00	16.29		3.16	0.35	1.34
오이소박이	50.00	16.67		2.96	0.53	0.94
총각김치		50.00	17.56		3.44	0.37	1.03
파김치		50.00	28.01		5.47	0.70	1.55
마늘쫑장아찌	50.00	28.27		6.19	0.13	1.05
고추장아찌	30.00	22.36		4.18	0.09	0.80
깻잎장아찌	30.00	33.64		7.87	0.36	2.11
마늘장아찌	30.00	16.06		3.07	0.02	0.79
무장아찌		30.00	27.34		5.31	0.26	0.57
양파장아찌	50.00	19.72		3.54	0.05	0.58